100
37 2 5.00
2 3 2.00
95 4 3.00
6 5 7.00
73 6 2.00
34 7 2.00
17 8 1.00
10 9 2.00
67 10 2.00
12 11 1.00
3 12 4.00
14 13 1.00
91 14 2.00
6 15 2.00
17 16 10.00
100 17 3.00
17 18 3.00
74 19 2.00
19 20 3.00
97 21 6.00
6 22 3.00
29 23 4.00
30 24 2.00
26 25 6.00
67 26 1.00
26 27 10.00
80 28 2.00
67 29 1.00
31 30 2.00
26 31 1.00
31 32 5.00
32 33 5.00
61 34 2.00
80 35 2.00
37 36 1.00
24 37 1.00
92 38 2.00
40 39 4.00
8 40 3.00
52 41 3.00
41 42 10.00
44 43 3.00
45 44 7.00
72 45 4.00
89 46 8.00
48 47 6.00
61 48 2.00
50 49 9.00
59 50 3.00
4 51 4.00
53 52 5.00
48 53 2.00
53 54 5.00
87 55 2.00
57 56 3.00
86 57 1.00
57 58 4.00
62 59 3.00
15 60 1.00
29 61 2.00
98 62 3.00
51 63 2.00
67 64 1.00
64 65 4.00
67 66 7.00
8 67 1.00
67 68 3.00
68 69 7.00
69 70 8.00
72 71 4.00
60 72 1.00
8 73 1.00
64 74 2.00
63 75 2.00
75 76 1.00
26 77 6.00
79 78 5.00
8 79 2.00
79 80 1.00
48 81 2.00
55 82 1.00
84 83 8.00
98 84 2.00
10 85 5.00
61 86 2.00
15 87 2.00
87 88 4.00
67 89 1.00
91 90 5.00
24 91 1.00
51 92 7.00
30 93 1.00
37 94 1.00
39 95 2.00
97 96 3.00
68 97 5.00
58 98 1.00
98 99 3.00
1 100 12.00
336.00

